@00  0000000000000000000 00 00 00 0 00 00 0 00 0 00 0 0 0 //BR
@01  0000110000000100000 00 01 10 0 00 00 0 00 0 00 0 0 0 //ADD
@02  1000010000000000000 00 01 00 0 00 00 0 00 0 00 0 0 0 //LD
@03  0000000000000000000 00 00 00 0 00 00 0 00 0 00 0 0 0 //ST
@04  0000000000000000000 00 00 00 0 00 00 0 00 0 00 0 0 0 //JSR
@05  0000110000000100000 00 01 10 0 00 00 0 00 0 01 0 0 0 //AND
@06  0000010000000000000 00 01 00 0 00 00 0 00 0 00 0 0 0 //LDR
@07  0000000000000000000 00 00 00 0 00 00 0 00 0 00 0 0 0 //STR
@08  1000000000000000001 00 00 00 0 00 00 0 00 0 00 0 0 0 //RTI
@09  0000110000000100000 00 01 10 0 00 00 0 00 0 10 0 0 0 //NOT
@0a  0000010000000000000 00 01 00 0 00 00 0 00 0 00 0 0 0 //LDI
@0b  0000000000000000000 00 00 00 0 00 00 0 00 0 00 0 0 0 //STI
@0c  0000000000000000000 00 00 00 0 00 00 0 00 0 00 0 0 0 //JMP
@0d  0100000000000000010 00 00 00 0 00 00 0 00 0 00 0 0 0
@0e  0000110000010000000 00 01 00 0 11 00 0 00 0 00 0 0 0 //LEA
@0f  0000000000000000000 00 00 00 0 00 00 0 00 0 00 0 0 0 //TRAP
@10  0000000000001000000 00 00 00 0 00 00 0 00 0 00 1 1 0
@11  0000000000000000000 00 00 00 0 00 00 0 00 0 00 0 0 0
@12  1000001000010000000 00 00 00 0 00 00 0 00 0 00 0 0 0
@13  0000000000000000000 00 00 00 0 00 00 0 00 0 00 0 0 0
@14  0000000000000000000 00 00 00 0 00 00 0 00 0 00 0 0 0
@15  0000000000000000000 00 00 00 0 00 00 0 00 0 00 0 0 0
@16  0000000000000000000 00 00 00 0 00 00 0 00 0 00 0 0 0
@17  0000000000000000000 00 00 00 0 00 00 0 00 0 00 0 0 0
@18  0100000000000000000 00 00 00 0 00 00 0 00 0 00 1 1 0
@19  0100000000000000000 00 00 00 0 00 00 0 00 0 00 1 1 0
@1a  1000000000001000000 00 00 00 0 00 00 0 00 0 00 0 0 0
@1b  0000110000000100000 00 00 00 0 00 00 0 00 0 00 0 0 0
@1c  0000000000000000000 00 00 00 0 00 00 0 00 0 00 0 0 0
@1d  0000000000000000000 00 00 00 0 00 00 0 00 0 00 0 0 0
@1e  0000001000001000000 00 00 00 0 00 00 0 00 0 00 0 0 0
@1f  1000000000001000000 00 00 00 0 00 00 0 00 0 00 0 0 0
@20  0001000000000000000 00 00 00 0 00 00 0 00 0 00 0 0 0
@21  0100000000000000000 00 00 00 0 00 00 0 00 0 00 1 1 0
@22  0000000000000000000 00 00 00 0 00 00 0 00 0 00 0 0 0
@23  0010000000001000000 00 00 00 0 00 00 0 00 0 00 0 0 0
@24  0100000000000000000 00 00 00 0 00 00 0 00 0 00 1 1 0
@25  0000000000000000000 00 00 00 0 00 00 0 00 0 00 0 0 0
@26  0000001000001000000 00 00 00 0 00 00 0 00 0 00 0 0 0
@27  0000000000000000000 00 00 00 0 00 00 0 00 0 00 0 0 0
@28  0100000000000000000 00 00 00 0 00 00 0 00 0 00 1 1 0
@29  0000000000000000000 00 00 00 0 00 00 0 00 0 00 0 0 0
@2a  0000000000000000000 00 00 00 0 00 00 0 00 0 00 0 0 0
@2b  0000000000000000000 00 00 00 0 00 00 0 00 0 00 0 0 0
@2c  0100000000000000010 00 00 00 0 00 00 0 00 0 00 0 0 0
@2d  0000000000000000000 00 00 00 0 00 00 0 00 0 00 0 0 0
@2e  0000000000000000000 00 00 00 0 00 00 0 00 0 00 0 0 0
@2f  0000000000000000000 00 00 00 0 00 00 0 00 0 00 0 0 0
@30  0000000000000000000 00 00 00 0 00 00 0 00 0 00 0 0 0
@31  0000000000000000000 00 00 00 0 00 00 0 00 0 00 0 0 0
@32  0000000000000000000 00 00 00 0 00 00 0 00 0 00 0 0 0
@33  0000000000000000000 00 00 00 0 00 00 0 00 0 00 0 0 0
@34  0100000000000000000 00 00 00 0 00 00 0 00 0 00 1 1 0
@35  0000000000000000000 00 00 00 0 00 00 0 00 0 00 0 0 0
@36  0000000000000000000 00 00 00 0 00 00 0 00 0 00 0 0 0
@37  0000000000000000000 00 00 00 0 00 00 0 00 0 00 0 0 0
@38  0000000000000000000 00 00 00 0 00 00 0 00 0 00 0 0 0
@39  0000000000000000000 00 00 00 0 00 00 0 00 0 00 0 0 0
@3a  0000000000000000000 00 00 00 0 00 00 0 00 0 00 0 0 0
@3b  0000000000000000000 00 00 00 0 00 00 0 00 0 00 0 0 0
@3c  0000000000000000000 00 00 00 0 00 00 0 00 0 00 0 0 0
@3d  0000000000000000000 00 00 00 0 00 00 0 00 0 00 0 0 0
@3e  0000000000000000000 00 00 00 0 00 00 0 00 0 00 0 0 0
@3f  0000000000000000000 00 00 00 0 00 00 0 00 0 00 0 0 0
